((("opath" .
   [1 0 0 0 0])
  ("__original" .
   [1 0 0 0 0 0 0 0 0 0])
  ("original_path" .
   [1 0 0 0 0 0 0 0 0 0 0 0 0])
  ("path" .
   [3 0 0 0])
  ("dim" .
   [1 0 0])
  ("x" .
   [3])
  ("c" .
   [1])
  ("trunc" .
   [1 0 0 0 0])
  ("xt" .
   [1 0])
  ("yt" .
   [1 0])
  ("packt" .
   [3 0 0 0 0])
  ("info" .
   [1 0 0 0])
  ("path_in" .
   [1 0 0 0 0 0 0])
  ("path_out" .
   [1 0 0 0 0 0 0 0])
  ("cdc" .
   [0 0 1])
  ("cdf97" .
   [0 0 0 0 1])
  ("img" .
   [5 0 0])
  ("wavelet" .
   [8 0 0 0 0 0 0])
  ("tls" .
   [1 0 0])
  ("quantize" .
   [0 0 0 0 0 0 0 1])
  ("dtype" .
   [1 0 0 0 0])
  ("coded_frame" .
   [1 0 0 0 0 0 0 0 0 0 0])
  ("codec" .
   [3 0 0 0 0])
  ("compress" .
   [1 0 0 0 0 0 0 0])
  ("bpp" .
   [3 0 0])
  ("iimg" .
   [4 0 0 0])
  ("sk" .
   [1 0])
  ("are" .
   [0 0 1])
  ("ar_speck" .
   [1 0 0 0 0 0 0 0])
  ("restored_img" .
   [3 0 0 0 0 0 0 0 0 0 0 0])
  ("i" .
   [3])
  ("icdf97" .
   [0 0 0 1 0 0])
  ("coded_img" .
   [0 0 0 0 0 1 0 0 0])
  ("expand" .
   [1 0 0 0 0 0])
  ("CDF97" .
   [0 0 1 0 0])
  ("payload" .
   [2 0 0 0 0 0 0])
  ("pimage" .
   [6 0 0 0 0 0])
  ("compress_speck" .
   [1 0 0 0 0 0 0 0 0 0 0 0 0 0])
  ("decompress_speck" .
   [1 0 0 0 0 0 0 0 0 0 0 0 0 0 0 0])
  ("encoded" .
   [1 0 0 0 0 0 0])
  ("_l" .
   [2 0])
  ("h" .
   [1])
  ("_h" .
   [1 0])
  ("get" .
   [1 0 0])
  ("get_current_stream" .
   [1 0 0 0 0 0 0 0 0 0 0 0 0 0 0 0 0 0])
  ("load" .
   [1 0 0 0])
  ("path_compare" .
   [1 0 0 0 0 0 0 0 0 0 0 0])
  ("fimg" .
   [1 0 0 0])
  ("last_info" .
   [0 0 0 0 0 0 0 0 1])
  ("process_dir_speck" .
   [1 0 0 0 0 0 0 0 0 0 0 0 0 0 0 0 0])
  ("__speck" .
   [1 0 0 0 0 0 0])
  ("__speck_path" .
   [1 0 0 0 0 0 0 0 0 0 0 0])
  ("size" .
   [3 0 0 0])
  ("coords" .
   [2 0 0 0 0 0])
  ("r" .
   [2])
  ("clone" .
   [2 0 0 0 0])
  ("qwave" .
   [1 0 0 0 0])))
